commune,BDP/PBD,CSP/PCS,CVP/PDC,EVP/PEV,FDP/PLR (PRD),GLP/PVL,PdA/PST,SP/PS,SVP/UDC,EDU/UDF,GPS/PES,Lega,MCR,SD/DS,Sol.,Übrige/Autres
Aadorf,3.39,0.0,20.07,2.07,10.09,5.81,0.0,10.42,40.3,2.51,5.19,0.0,0.0,0.0,0.0,0.16
Aarau,3.63,0.0,5.32,3.78,18.09,7.9,0.0,26.52,22.66,0.74,8.85,0.0,0.0,0.0,0.0,2.51
Aarberg,15.9,0.0,1.08,4.34,10.3,5.96,0.15,16.84,36.36,2.29,5.07,0.0,0.0,0.43,0.0,1.28
Aarburg,4.59,0.0,4.71,3.65,14.1,4.33,0.0,21.73,38.21,2.89,4.01,0.0,0.0,0.0,0.0,1.76
Aarwangen,13.74,0.0,1.44,2.47,12.31,4.18,0.12,17.61,38.13,2.73,4.77,0.0,0.0,0.37,0.0,2.13
Abtwil,4.48,0.0,14.6,0.91,12.11,6.75,0.0,6.5,48.56,0.57,3.28,0.0,0.0,0.0,0.0,2.24
Aclens,4.41,0.0,1.86,0.39,27.0,2.98,0.0,19.88,25.26,1.01,11.91,0.0,0.0,0.0,2.36,2.94
Acquarossa,0.0,0.0,30.58,0.0,21.03,0.53,0.14,15.87,7.42,0.0,2.44,19.19,0.0,0.0,0.0,2.81
Adelboden,6.25,0.0,0.45,6.74,5.33,3.52,0.04,4.73,46.03,23.6,1.74,0.0,0.0,0.34,0.0,1.23
Adligenswil,1.04,0.0,14.5,0.68,18.72,7.26,0.0,20.72,27.69,0.0,8.77,0.0,0.0,0.02,0.0,0.61
Adlikon,6.63,0.0,0.86,4.73,7.39,3.92,0.03,8.32,56.82,5.59,3.83,0.0,0.0,0.39,0.0,1.5
Adliswil,3.75,0.0,7.62,3.23,15.36,6.18,0.15,20.85,33.37,1.02,5.27,0.0,0.0,0.23,0.0,2.98
Aedermannsdorf,2.94,0.0,45.89,0.49,13.79,1.72,0.0,6.62,26.53,0.12,1.16,0.0,0.0,0.0,0.0,0.74
Aefligen,14.05,0.0,1.04,4.19,4.05,5.62,0.28,14.13,47.9,2.24,4.24,0.0,0.0,0.95,0.0,1.32
Aegerten,14.59,0.0,1.63,3.26,8.21,4.14,0.17,22.98,38.89,1.9,2.34,0.0,0.0,0.58,0.0,1.33
Aesch (BL),3.47,0.0,17.15,0.99,15.07,2.09,0.0,21.22,28.68,0.33,10.59,0.0,0.0,0.0,0.0,0.4
Aesch (LU),2.65,0.0,27.21,1.7,17.98,3.66,0.0,3.47,39.31,0.0,3.12,0.0,0.0,0.0,0.0,0.9
Aesch (ZH),5.79,0.0,6.11,1.51,19.89,8.08,0.03,12.55,39.13,1.61,3.12,0.0,0.0,0.29,0.0,1.9
Aeschi (SO),5.0,0.0,16.31,0.41,20.74,5.27,0.0,18.0,28.34,0.57,4.66,0.0,0.0,0.0,0.0,0.71
Aeschi bei Spiez,11.38,0.0,0.83,8.13,6.79,3.97,0.04,8.22,48.39,3.58,6.44,0.0,0.0,0.37,0.0,1.86
Aeugst am Albis,2.62,0.0,2.08,3.47,18.69,8.44,0.17,18.65,30.93,4.58,7.08,0.0,0.0,0.31,0.0,3.01
Affeltrangen,5.41,0.0,10.43,2.05,8.31,4.92,0.0,6.76,53.72,4.15,4.15,0.0,0.0,0.0,0.0,0.1
Affoltern am Albis,4.16,0.0,4.59,5.46,14.23,7.36,0.19,19.08,33.79,1.58,6.21,0.0,0.0,0.19,0.0,3.17
Affoltern im Emmental,11.75,0.0,1.11,7.36,5.13,2.23,0.17,9.24,52.72,5.25,2.77,0.0,0.0,0.46,0.0,1.8
Agarn,0.0,0.06,73.55,0.0,1.3,0.0,0.0,7.44,17.12,0.0,0.53,0.0,0.0,0.0,0.0,0.0
Agiez,3.33,0.0,4.78,0.54,23.23,2.0,0.0,17.24,32.37,0.06,13.07,0.0,0.0,0.0,1.09,2.3
Agno,0.0,0.0,18.75,0.0,18.54,0.64,0.33,12.82,13.53,0.0,4.01,30.09,0.0,0.0,0.0,1.28
Aigle,1.18,0.0,3.09,1.38,34.99,2.44,0.0,18.23,21.23,1.93,9.68,0.0,0.0,0.1,2.73,3.01
Aire-la-Ville,0.82,0.0,16.47,0.0,18.51,2.88,0.0,17.1,23.59,0.05,10.22,0.0,8.43,0.0,1.9,0.03
Airolo,0.0,0.0,35.68,0.0,27.54,0.28,0.02,5.86,8.75,0.0,1.65,18.67,0.0,0.0,0.0,1.56
Alberswil,0.88,0.0,32.34,0.04,26.77,1.36,0.0,3.29,33.87,0.0,0.7,0.0,0.0,0.0,0.0,0.74
Albinen,0.0,0.0,68.89,0.0,1.89,0.0,0.0,7.82,17.04,0.0,4.28,0.0,0.0,0.0,0.0,0.08
Albula/Alvra,11.0,0.0,38.68,0.0,7.85,5.69,0.0,12.08,24.59,0.0,0.0,0.0,0.0,0.0,0.0,0.1
Alchenstorf,21.03,0.0,0.95,4.08,2.5,3.82,0.15,11.01,48.24,1.32,3.92,0.0,0.0,0.88,0.0,2.1
Allaman,1.03,0.0,4.21,0.98,35.03,4.56,0.0,19.7,19.65,0.05,10.78,0.0,0.0,0.2,0.34,3.48
Alle,0.0,3.87,48.34,0.0,18.61,0.0,1.72,14.56,8.11,0.0,4.18,0.0,0.0,0.0,0.0,0.61
Allmendingen,15.8,0.0,2.48,2.1,14.48,3.68,0.06,9.67,39.79,1.71,8.09,0.0,0.0,0.78,0.0,1.37
Allschwil,2.61,0.0,11.03,1.96,14.39,4.12,0.0,25.93,27.25,0.34,10.7,0.0,0.0,0.0,0.0,1.67
Alpnach,0.0,0.0,0.0,0.0,0.0,0.0,0.0,0.0,37.24,0.0,0.0,0.0,0.0,0.0,0.0,62.76
Alpthal,0.0,0.0,12.92,0.0,10.18,0.68,0.0,3.23,72.8,0.0,0.2,0.0,0.0,0.0,0.0,0.0
Altbüron,3.07,0.0,26.93,0.26,27.87,4.69,0.0,3.07,31.29,0.0,2.62,0.0,0.0,0.0,0.0,0.2
Altdorf (UR),0.0,0.0,20.47,0.0,0.0,0.0,0.0,0.0,36.31,0.0,40.09,0.0,0.0,0.0,0.0,3.13
Altendorf,0.0,0.0,17.19,0.0,18.92,2.76,0.0,11.28,48.29,0.0,1.56,0.0,0.0,0.0,0.0,0.0
Alterswil,0.53,2.48,27.27,0.42,8.62,3.33,0.0,19.98,33.59,0.15,3.64,0.0,0.0,0.0,0.0,0.0
Altikon,13.42,0.0,2.94,1.68,5.37,2.89,0.16,11.91,52.85,2.29,4.46,0.0,0.0,0.02,0.0,2.02
Altishofen,1.04,0.0,52.5,0.19,14.05,2.77,0.0,5.78,17.88,0.0,5.44,0.0,0.0,0.04,0.0,0.3
Altnau,3.3,0.0,9.14,1.11,15.48,10.08,0.0,13.4,36.67,2.19,8.63,0.0,0.0,0.0,0.0,0.0
Alto Malcantone,0.0,0.0,20.99,0.0,18.14,0.76,0.49,20.79,10.32,0.0,6.08,19.07,0.0,0.0,0.0,3.36
Altstätten,2.36,0.0,22.76,1.46,9.73,6.54,0.0,9.31,40.64,0.68,4.45,0.0,0.0,0.27,0.0,1.8
Altwis,1.74,0.0,29.75,0.77,11.98,5.02,0.0,9.79,32.39,0.0,8.05,0.0,0.0,0.13,0.0,0.39
Amden,5.53,0.0,19.52,1.44,7.91,4.01,0.0,5.89,46.5,1.15,4.61,0.0,0.0,0.88,0.0,2.58
Amlikon-Bissegg,6.72,0.0,9.85,1.89,7.04,2.94,0.0,6.43,52.29,8.83,3.58,0.0,0.0,0.0,0.0,0.45
Ammerswil,3.26,0.0,3.6,1.16,12.16,5.7,0.0,20.35,45.06,0.07,6.34,0.0,0.0,0.0,0.0,2.32
Amriswil,4.0,0.0,10.86,2.36,16.64,4.13,0.0,11.57,39.97,5.32,4.93,0.0,0.0,0.0,0.0,0.22
Amsoldingen,10.99,0.0,1.19,4.41,5.3,5.84,0.34,13.48,47.4,2.3,6.68,0.0,0.0,1.06,0.0,1.02
Andeer,26.3,0.0,7.01,0.0,18.21,7.08,0.0,14.7,25.96,0.0,0.0,0.0,0.0,0.0,0.0,0.74
Andelfingen,5.39,0.0,2.33,7.65,16.43,10.4,0.03,11.77,34.09,2.53,6.72,0.0,0.0,0.29,0.0,2.38
Andermatt,0.0,0.0,68.13,0.0,0.0,0.0,0.0,0.0,21.83,0.0,9.51,0.0,0.0,0.0,0.0,0.53
Andiast,10.59,0.0,49.35,0.0,7.24,4.13,0.0,4.91,23.77,0.0,0.0,0.0,0.0,0.0,0.0,0.0
Andwil (SG),3.97,0.0,24.14,1.46,14.82,8.47,0.0,8.09,34.24,0.88,2.59,0.0,0.0,0.13,0.0,1.21
Anières,2.64,0.0,12.58,0.18,39.51,1.79,0.0,10.91,18.17,0.17,7.67,0.0,2.99,0.0,3.22,0.17
Anniviers,0.0,2.34,39.46,0.0,14.65,0.0,0.0,22.68,15.95,0.0,4.56,0.0,0.0,0.0,0.0,0.36
Anwil,3.71,0.0,3.07,4.42,6.99,3.78,0.0,13.2,36.66,1.28,25.82,0.0,0.0,0.0,0.0,1.07
Appenzell,0.0,0.0,71.79,0.0,0.0,0.0,0.0,21.97,0.0,0.0,0.0,0.0,0.0,0.0,0.0,6.24
Apples,1.78,0.0,3.71,0.88,29.39,11.95,0.0,21.47,17.34,0.58,10.36,0.0,0.0,0.04,1.26,1.23
Aranno,0.0,0.0,19.74,0.0,12.26,0.13,0.26,27.74,12.9,0.0,7.74,17.16,0.0,0.0,0.0,2.06
Arbaz,0.0,1.18,35.4,0.0,15.62,0.0,0.0,19.51,17.28,0.0,10.44,0.0,0.0,0.0,0.0,0.58
Arbedo-Castione,0.0,0.0,17.02,0.0,25.01,0.81,0.39,17.61,9.41,0.0,3.79,22.54,0.0,0.0,0.0,3.41
Arboldswil,1.24,0.0,3.71,3.71,13.98,0.68,0.0,14.1,46.32,2.72,13.36,0.0,0.0,0.0,0.0,0.19
Arbon,2.5,0.0,15.99,1.58,14.3,4.2,0.0,18.37,33.56,3.01,6.35,0.0,0.0,0.0,0.0,0.13
Arch,21.14,0.0,1.46,2.67,7.81,4.0,0.08,9.92,45.96,1.16,3.43,0.0,0.0,1.27,0.0,1.11
Arconciel,1.78,2.19,22.01,0.1,15.03,4.58,0.0,27.87,22.21,0.0,4.23,0.0,0.0,0.0,0.0,0.0
Ardon,0.0,1.3,36.92,0.0,28.18,0.0,0.0,11.23,17.52,0.0,4.51,0.0,0.0,0.0,0.0,0.34
Arisdorf,5.15,0.0,5.0,1.06,15.55,2.42,0.0,13.69,43.88,0.2,12.65,0.0,0.0,0.0,0.0,0.4
Aristau,5.2,0.0,15.18,1.6,11.54,4.31,0.0,8.1,46.69,0.93,5.18,0.0,0.0,0.0,0.0,1.27
Arlesheim,2.02,0.0,10.28,1.2,19.55,3.36,0.0,21.61,18.64,0.24,22.11,0.0,0.0,0.0,0.0,0.98
Arnex-sur-Nyon,3.78,0.0,4.41,0.63,39.51,4.41,0.0,7.11,22.86,0.27,14.58,0.0,0.0,0.09,0.09,2.25
Arnex-sur-Orbe,3.69,0.0,1.9,0.3,19.88,3.58,0.0,22.78,31.16,0.22,11.44,0.0,0.0,0.03,2.01,3.04
Arni (AG),7.34,0.0,7.51,1.57,18.17,6.83,0.0,11.62,39.19,0.4,5.17,0.0,0.0,0.0,0.0,2.21
Arni (BE),11.7,0.0,0.61,2.6,4.93,3.02,0.0,7.11,59.49,3.59,4.79,0.0,0.0,1.1,0.0,1.07
Arogno,0.0,0.0,10.35,0.0,25.83,0.38,0.51,21.14,5.24,0.0,4.62,29.53,0.0,0.0,0.0,2.4
Arosa,17.98,0.0,7.24,0.0,15.41,7.9,0.0,13.68,37.42,0.0,0.0,0.0,0.0,0.0,0.0,0.36
Arth,0.0,0.0,20.34,0.0,20.58,3.56,0.0,15.54,38.32,0.0,1.66,0.0,0.0,0.0,0.0,0.0
Arzier-Le Muids,2.75,0.0,6.86,1.21,24.81,5.83,0.0,14.46,29.63,0.82,8.9,0.0,0.0,0.06,1.56,3.12
Ascona,0.0,0.0,18.01,0.0,32.49,1.33,0.48,11.17,17.32,0.0,3.16,14.28,0.0,0.0,0.0,1.75
Assens,1.62,0.0,12.1,0.23,26.87,3.84,0.0,18.22,26.03,0.67,7.8,0.0,0.0,0.05,1.1,1.47
Astano,0.0,0.0,4.88,0.0,8.38,2.97,0.74,20.15,19.41,0.0,8.91,29.27,0.0,0.0,0.0,5.3
Attalens,1.18,2.1,20.13,0.85,11.83,3.22,0.0,24.99,28.0,1.02,6.68,0.0,0.0,0.0,0.0,0.0
Attelwil,1.81,0.0,2.0,7.72,7.26,0.93,0.0,9.67,62.14,1.53,4.0,0.0,0.0,0.0,0.0,2.93
Attinghausen,0.0,0.0,35.44,0.0,0.0,0.0,0.0,0.0,42.34,0.0,19.07,0.0,0.0,0.0,0.0,3.15
Attiswil,14.1,0.0,1.5,0.96,11.4,2.23,0.04,15.78,47.91,2.22,2.57,0.0,0.0,0.24,0.0,1.06
Au (SG),3.74,0.0,16.59,1.09,15.04,5.26,0.0,11.41,40.06,0.59,4.79,0.0,0.0,0.12,0.0,1.33
Aubonne,2.44,0.0,4.17,1.98,31.6,5.24,0.0,19.32,19.92,0.54,10.28,0.0,0.0,0.0,1.81,2.7
Auboranges,0.47,1.56,23.4,0.31,13.26,3.28,0.0,12.95,42.28,0.16,2.34,0.0,0.0,0.0,0.0,0.0
Auenstein,8.19,0.0,3.84,5.67,17.89,8.3,0.0,13.35,37.62,0.28,3.55,0.0,0.0,0.0,0.0,1.31
Augst,3.41,0.0,7.88,1.66,15.26,2.44,0.0,21.3,33.29,0.41,13.65,0.0,0.0,0.0,0.0,0.69
Ausserberg,0.0,0.0,63.94,0.0,1.75,0.0,0.0,8.92,22.46,0.0,2.58,0.0,0.0,0.0,0.0,0.36
Auswil,12.46,0.0,0.55,3.62,3.45,2.93,0.08,6.55,58.44,3.85,6.17,0.0,0.0,0.29,0.0,1.6
Autafond,0.0,0.0,47.23,0.0,29.36,0.0,0.0,1.28,21.7,0.43,0.0,0.0,0.0,0.0,0.0,0.0
Autigny,0.22,4.07,20.52,0.89,13.11,1.78,0.0,20.64,31.57,0.56,6.64,0.0,0.0,0.0,0.0,0.0
Auw,4.52,0.0,24.11,3.72,10.37,2.86,0.0,6.93,42.22,0.69,2.54,0.0,0.0,0.0,0.0,2.05
Avegno Gordevio,0.0,0.0,26.73,0.0,19.24,0.82,0.78,18.66,11.43,0.0,3.4,14.72,0.0,0.0,0.0,4.23
Avenches,3.13,0.0,2.85,0.6,23.06,3.2,0.0,23.63,27.54,6.27,5.46,0.0,0.0,0.04,1.23,2.97
Avers,32.7,0.0,12.43,0.0,8.92,7.3,0.0,11.35,27.3,0.0,0.0,0.0,0.0,0.0,0.0,0.0
Avry,0.73,2.83,21.97,0.56,19.64,3.01,0.0,24.37,19.67,0.15,7.08,0.0,0.0,0.0,0.0,0.0
Avully,0.92,0.0,10.7,0.55,15.0,2.25,0.0,24.61,19.16,0.25,13.73,0.0,8.5,0.0,4.24,0.08
Avusy,1.51,0.0,20.5,0.16,22.99,2.15,0.0,13.51,15.64,0.54,12.71,0.0,6.85,0.0,3.37,0.08
Ayent,0.0,1.92,35.7,0.0,12.79,0.0,0.0,27.21,15.47,0.0,6.54,0.0,0.0,0.0,0.0,0.38
Baar,0.0,0.0,23.06,0.0,15.94,3.39,0.0,15.98,32.6,0.0,8.15,0.0,0.0,0.0,0.0,0.88
Bachenbülach,4.64,0.0,3.34,5.18,15.81,7.18,0.12,16.58,35.42,4.55,3.69,0.0,0.0,0.3,0.0,3.17
Bachs,2.38,0.0,0.6,1.6,5.47,5.09,0.0,12.34,54.29,11.48,5.48,0.0,0.0,0.24,0.0,1.04
Bad Ragaz,6.49,0.0,14.3,0.83,16.37,6.07,0.0,11.63,37.57,0.63,3.78,0.0,0.0,0.51,0.0,1.81
Bad Zurzach,3.92,0.0,12.98,1.69,13.37,3.19,0.0,18.35,39.56,1.57,4.24,0.0,0.0,0.0,0.0,1.13
Baden,3.82,0.0,10.08,2.2,18.32,8.73,0.0,22.67,20.03,0.36,11.57,0.0,0.0,0.0,0.0,2.21
Bagnes,0.0,1.89,41.39,0.0,26.29,0.0,0.0,9.45,15.55,0.0,5.12,0.0,0.0,0.0,0.0,0.31
Baldingen,4.35,0.0,9.41,2.74,13.64,5.9,0.0,11.49,44.61,1.61,4.11,0.0,0.0,0.0,0.0,2.14
Balerna,0.0,0.0,21.71,0.0,21.8,0.56,1.07,16.54,7.01,0.0,4.06,24.89,0.0,0.0,0.0,2.36
Balgach,2.24,0.0,17.31,1.34,18.58,6.0,0.0,10.7,36.29,0.72,4.85,0.0,0.0,0.04,0.0,1.92
Ballaigues,2.32,0.0,4.25,1.26,17.66,3.26,0.0,20.59,38.13,1.62,8.04,0.0,0.0,0.05,1.01,1.8
Ballens,5.01,0.0,2.69,0.54,25.51,4.54,0.0,16.71,32.94,0.54,5.78,0.0,0.0,0.0,2.39,3.36
Ballwil,1.14,0.0,26.35,0.36,16.57,5.26,0.0,5.77,40.33,0.0,3.59,0.0,0.0,0.1,0.0,0.52
Balm bei Günsberg,4.44,0.0,16.67,0.0,21.85,6.48,0.0,15.0,30.56,0.0,3.89,0.0,0.0,0.0,0.0,1.11
Balsthal,2.15,0.0,22.12,0.82,23.52,2.29,0.0,13.0,31.74,1.08,2.0,0.0,0.0,0.0,0.0,1.29
Baltschieder,0.0,0.06,54.15,0.0,2.82,0.0,0.0,11.98,29.89,0.0,1.09,0.0,0.0,0.0,0.0,0.0
Bangerten,21.7,0.0,0.19,0.25,7.34,8.52,1.24,8.15,47.95,0.06,4.23,0.0,0.0,0.12,0.0,0.25
Bannwil,11.31,0.0,0.82,1.89,6.3,3.46,0.17,16.37,50.51,1.62,4.81,0.0,0.0,0.82,0.0,1.92
Barberêche,2.3,2.68,23.83,0.54,15.1,1.99,0.0,17.93,26.9,0.08,8.66,0.0,0.0,0.0,0.0,0.0
Bardonnex,0.56,0.0,25.64,0.4,22.62,1.88,0.0,13.09,12.59,0.05,11.65,0.0,7.06,0.0,4.24,0.21
Bargen (BE),15.68,0.0,1.46,2.89,4.72,4.19,0.04,17.62,38.98,5.27,5.69,0.0,0.0,1.19,0.0,2.27
Bargen (SH),0.0,0.0,0.0,0.0,7.5,0.0,0.0,15.0,68.33,2.92,4.58,0.0,0.0,0.0,0.0,1.67
Bas-Intyamon,1.53,0.67,32.13,0.31,19.56,2.04,0.0,19.13,20.86,1.1,2.67,0.0,0.0,0.0,0.0,0.0
Bas-Vully,4.43,0.94,10.33,0.23,20.64,7.24,0.0,24.29,25.58,1.01,5.32,0.0,0.0,0.0,0.0,0.0
Basadingen-Schlattingen,5.11,0.0,6.71,1.69,8.03,4.93,0.0,13.57,52.34,2.89,4.32,0.0,0.0,0.0,0.0,0.41
Basel,1.13,0.0,6.04,1.9,20.22,4.97,0.0,35.05,16.83,0.3,12.15,0.0,0.0,0.0,0.0,1.4
Basse-Allaine,0.0,2.12,47.75,0.0,21.4,0.0,0.44,17.68,6.98,0.0,3.45,0.0,0.0,0.0,0.0,0.18
Bassersdorf,5.35,0.0,4.77,2.9,13.7,6.89,0.06,17.87,37.11,3.67,4.65,0.0,0.0,0.27,0.0,2.77
Bassins,2.84,0.0,5.34,0.76,22.66,5.16,0.0,19.43,29.89,0.05,10.21,0.0,0.0,0.02,0.92,2.71
Bauen,0.0,0.0,30.43,0.0,0.0,0.0,0.0,0.0,40.58,0.0,27.54,0.0,0.0,0.0,0.0,1.45
Baulmes,2.68,0.0,3.01,0.26,14.89,0.84,0.0,23.84,34.45,2.21,11.52,0.0,0.0,0.02,2.33,3.96
Bauma,3.13,0.0,2.73,8.21,8.08,4.52,0.57,13.05,45.55,6.47,5.17,0.0,0.0,0.13,0.0,2.39
Bavois,1.68,0.0,3.75,2.29,11.83,4.05,0.0,18.37,40.22,0.92,9.91,0.0,0.0,0.09,3.29,3.62
Beatenberg,9.63,0.0,0.8,5.24,3.97,3.69,0.04,9.85,50.55,6.71,7.78,0.0,0.0,0.77,0.0,0.96
Beckenried,0.0,0.0,0.0,0.0,0.0,0.0,0.0,0.0,83.85,0.0,0.0,0.0,0.0,0.0,0.0,16.15
Bedano,0.0,0.0,15.09,0.0,21.74,1.01,0.4,15.87,12.19,0.0,2.18,29.39,0.0,0.0,0.0,2.13
Bedigliora,0.0,0.0,19.12,0.0,14.01,2.26,2.02,21.44,11.52,0.0,1.19,26.43,0.0,0.0,0.0,2.02
Bedretto,0.0,0.0,46.8,0.0,13.79,0.0,0.19,2.14,14.56,0.0,2.14,14.76,0.0,0.0,0.0,5.63
Beggingen,0.0,0.0,0.0,0.0,6.61,0.0,0.0,10.71,66.43,10.36,1.43,0.0,0.0,0.0,0.0,4.46
Begnins,1.77,0.0,6.91,0.32,27.02,4.07,0.0,17.76,23.8,0.1,12.0,0.0,0.0,0.52,2.86,2.87
Beinwil (Freiamt),4.28,0.0,20.87,2.11,10.66,3.51,0.0,3.46,47.09,0.68,3.77,0.0,0.0,0.0,0.0,3.57
Beinwil (SO),0.89,0.0,34.35,0.0,27.88,4.06,0.0,7.1,19.01,2.03,4.06,0.0,0.0,0.0,0.0,0.63
Beinwil am See,6.1,0.0,3.15,3.5,18.59,4.79,0.0,16.79,37.28,1.18,6.62,0.0,0.0,0.0,0.0,1.99
Belfaux,1.23,1.72,30.34,0.49,7.62,2.14,0.0,33.12,17.71,0.81,4.83,0.0,0.0,0.0,0.0,0.0
Bellach,3.44,0.0,13.76,0.81,23.36,2.26,0.0,17.23,31.61,0.52,6.19,0.0,0.0,0.0,0.0,0.83
Bellevue,1.19,0.0,11.34,0.35,28.81,3.22,0.0,15.46,19.02,0.14,11.98,0.0,5.84,0.0,2.3,0.36
Bellikon,5.55,0.0,9.68,2.18,16.42,4.41,0.0,14.01,41.53,1.02,3.52,0.0,0.0,0.0,0.0,1.69
Bellinzona,0.0,0.0,17.15,0.0,28.22,0.84,0.63,23.47,7.8,0.0,3.88,15.62,0.0,0.0,0.0,2.37
Bellmund,15.36,0.0,2.0,3.65,19.32,7.18,0.07,14.53,28.4,1.57,5.49,0.0,0.0,0.35,0.0,2.08
Bellwald,0.0,0.0,49.02,0.0,3.49,0.0,0.0,13.58,28.61,0.0,5.3,0.0,0.0,0.0,0.0,0.0
Belmont-sur-Lausanne,1.47,0.0,6.18,0.87,32.09,4.94,0.0,20.32,16.03,0.41,11.49,0.0,0.0,0.06,2.89,3.26
Belmont-sur-Yverdon,3.03,0.0,3.73,2.04,26.73,2.93,0.0,13.26,33.08,0.0,12.27,0.0,0.0,0.0,0.5,2.43
Belp,12.87,0.0,2.2,4.89,8.92,6.14,0.2,17.73,34.08,4.88,5.79,0.0,0.0,0.48,0.0,1.82
Belprahon,3.56,0.0,12.33,0.43,9.92,2.21,6.99,22.13,31.45,1.86,4.19,0.0,0.0,1.07,0.0,3.87
Benken (SG),4.22,0.0,25.8,0.43,10.05,3.16,0.0,5.57,43.26,1.37,4.11,0.0,0.0,0.55,0.0,1.49
Benken (ZH),9.63,0.0,1.59,1.41,10.86,3.84,0.05,11.94,43.81,5.66,9.44,0.0,0.0,0.36,0.0,1.41
Bennwil,2.84,0.0,4.7,2.1,12.06,2.66,0.0,11.94,47.8,0.62,14.78,0.0,0.0,0.0,0.0,0.49
Bercher,2.42,0.0,4.54,1.17,25.59,3.97,0.0,19.2,24.66,0.24,11.19,0.0,0.0,0.03,2.58,4.41
Berg (SG),4.16,0.0,16.96,4.73,11.46,5.14,0.0,11.24,36.62,1.15,3.82,0.0,0.0,0.02,0.0,4.69
Berg (TG),3.24,0.0,15.68,4.33,12.83,6.74,0.0,6.49,41.14,6.51,2.92,0.0,0.0,0.0,0.0,0.12
Berg am Irchel,8.23,0.0,2.88,3.18,10.59,7.91,0.05,7.67,50.15,1.94,4.22,0.0,0.0,0.02,0.0,3.16
Bergdietikon,6.88,0.0,4.36,1.89,19.54,6.69,0.0,9.33,45.03,0.6,3.93,0.0,0.0,0.0,0.0,1.74
Bergün/Bravuogn,11.45,0.0,7.59,0.0,12.41,15.03,0.0,28.41,24.97,0.0,0.0,0.0,0.0,0.0,0.0,0.14
Berikon,5.13,0.0,11.61,1.92,15.97,5.94,0.0,15.57,37.21,0.57,4.3,0.0,0.0,0.0,0.0,1.77
Beringen,0.0,0.0,0.0,0.0,13.78,0.0,0.0,24.71,50.44,5.79,2.68,0.0,0.0,0.0,0.0,2.6
Berken,4.92,0.0,0.46,0.0,3.69,6.15,3.85,0.0,73.23,0.0,0.0,0.0,0.0,0.0,0.0,7.69
Berlingen,4.4,0.0,10.79,2.09,15.65,7.64,0.0,15.86,34.71,2.51,5.97,0.0,0.0,0.0,0.0,0.37
Bern,7.03,0.0,2.57,2.74,9.92,9.38,1.4,34.33,12.39,0.8,17.39,0.0,0.0,0.24,0.0,1.82
Berneck,2.37,0.0,15.63,1.99,19.24,5.78,0.0,10.36,36.06,1.48,5.07,0.0,0.0,0.18,0.0,1.84
Bernex,0.74,0.0,18.53,0.95,19.39,1.95,0.0,19.42,15.64,0.14,12.41,0.0,6.35,0.0,4.05,0.42
Berolle,2.57,0.0,1.52,0.0,15.02,2.24,0.0,27.93,33.73,0.13,8.76,0.0,0.0,0.13,1.19,6.79
Beromünster,1.15,0.0,31.43,0.36,26.8,4.27,0.0,6.24,25.31,0.0,3.86,0.0,0.0,0.06,0.0,0.51
Besenbüren,10.43,0.0,8.43,2.94,5.26,6.58,0.0,8.52,51.44,0.0,4.88,0.0,0.0,0.0,0.0,1.53
Bettenhausen,15.71,0.0,1.23,1.95,5.13,4.23,0.0,17.64,48.41,1.11,2.18,0.0,0.0,1.16,0.0,1.24
Bettens,3.79,0.0,6.71,0.82,24.35,2.5,0.0,14.46,30.94,0.04,9.94,0.0,0.0,0.0,1.29,5.16
Bettingen,1.26,0.0,13.57,8.3,35.29,3.12,0.0,14.5,17.34,3.73,2.7,0.0,0.0,0.0,0.0,0.19
Bettlach,5.05,0.0,12.89,0.89,23.86,3.66,0.0,18.3,30.99,0.59,2.64,0.0,0.0,0.0,0.0,1.12
Bettmeralp,0.0,0.21,57.33,0.0,2.64,0.0,0.0,6.29,28.66,0.0,4.86,0.0,0.0,0.0,0.0,0.0
Bettwiesen,3.0,0.0,21.34,1.82,10.56,6.01,0.0,5.42,49.12,1.34,1.29,0.0,0.0,0.0,0.0,0.11
Bettwil,5.98,0.0,17.47,2.64,12.08,4.27,0.0,6.43,46.88,0.22,2.7,0.0,0.0,0.0,0.0,1.32
Beurnevésin,0.0,7.75,48.06,0.0,11.63,0.0,3.1,6.98,16.28,0.0,6.2,0.0,0.0,0.0,0.0,0.0
Bevaix,1.01,0.0,3.09,0.0,30.64,3.77,6.37,27.34,19.44,0.0,7.1,0.0,0.0,0.0,0.0,1.24
Bever,14.36,0.0,7.01,0.0,15.54,8.7,0.0,26.01,28.38,0.0,0.0,0.0,0.0,0.0,0.0,0.0
Bex,1.75,0.0,3.78,0.67,19.16,3.02,0.0,26.67,30.58,0.88,8.29,0.0,0.0,0.05,2.89,2.27
Biasca,0.0,0.0,19.0,0.0,25.07,0.71,1.24,19.67,8.88,0.0,1.44,21.61,0.0,0.0,0.0,2.38
Biberist,3.5,0.0,14.02,1.03,16.91,3.46,0.0,27.63,25.86,0.6,6.03,0.0,0.0,0.0,0.0,0.96
Biberstein,5.87,0.0,4.58,3.36,18.36,6.06,0.0,20.39,30.81,0.22,7.07,0.0,0.0,0.0,0.0,3.29
Bichelsee-Balterswil,1.46,0.0,25.79,1.52,10.31,3.25,0.0,7.58,42.51,1.88,5.32,0.0,0.0,0.0,0.0,0.38
Biel-Benken,2.75,0.0,19.88,2.35,17.77,2.98,0.0,17.03,26.42,0.21,9.77,0.0,0.0,0.0,0.0,0.83
Biel/Bienne,7.0,0.0,2.04,3.34,9.42,5.68,0.96,32.01,22.05,1.4,13.93,0.0,0.0,0.39,0.0,1.77
Biezwil,9.35,0.0,5.14,1.45,35.57,2.5,0.0,8.7,31.36,0.0,4.74,0.0,0.0,0.0,0.0,1.19
Biglen,21.15,0.0,1.73,5.24,6.44,5.18,0.64,12.75,38.06,2.28,4.3,0.0,0.0,0.26,0.0,1.97
Billens-Hennens,0.5,0.93,19.53,0.06,18.53,0.31,0.0,19.53,33.71,0.06,6.84,0.0,0.0,0.0,0.0,0.0
Binn,0.0,0.0,68.75,0.0,1.0,0.0,0.0,3.0,21.0,0.0,6.25,0.0,0.0,0.0,0.0,0.0
Binningen,2.6,0.0,8.69,1.95,22.33,3.89,0.0,23.3,23.86,0.26,12.5,0.0,0.0,0.0,0.0,0.63
Bioggio,0.0,0.0,20.28,0.0,22.46,0.31,0.33,11.84,13.39,0.0,4.58,24.82,0.0,0.0,0.0,1.99
Bioley-Magnoux,0.5,0.0,2.68,0.73,18.8,5.13,0.0,13.83,47.35,0.0,7.42,0.0,0.0,0.0,0.22,3.35
Bioley-Orjulaz,1.69,0.0,9.6,1.02,34.27,3.33,0.0,8.49,30.71,0.93,8.62,0.0,0.0,0.0,0.36,0.98
Birmensdorf (ZH),3.3,0.0,6.81,1.39,15.97,8.6,0.18,17.45,37.1,1.26,4.86,0.0,0.0,0.31,0.0,2.78
Birmenstorf (AG),5.59,0.0,19.22,2.54,13.4,4.85,0.0,9.85,37.43,0.5,4.95,0.0,0.0,0.0,0.0,1.68
Birr,6.22,0.0,5.4,4.43,13.89,3.61,0.0,15.44,45.41,1.58,1.99,0.0,0.0,0.0,0.0,2.04
Birrhard,3.76,0.0,3.21,4.42,15.97,3.36,0.0,8.98,54.12,0.11,3.68,0.0,0.0,0.0,0.0,2.38
Birrwil,4.59,0.0,4.9,2.72,20.95,3.83,0.0,13.74,42.39,1.8,4.04,0.0,0.0,0.0,0.0,1.04
Birsfelden,2.3,0.0,8.1,3.98,15.22,2.07,0.0,28.98,25.05,0.67,11.86,0.0,0.0,0.0,0.0,1.77
Birwinken,5.39,0.0,9.81,3.63,6.11,6.39,0.0,9.15,49.57,4.53,5.32,0.0,0.0,0.0,0.0,0.1
Bischofszell,2.86,0.0,15.88,3.14,10.05,6.13,0.0,12.5,36.33,8.29,4.7,0.0,0.0,0.0,0.0,0.12
Bissone,0.0,0.0,18.27,0.0,20.57,0.64,0.0,14.27,16.43,0.0,2.58,26.0,0.0,0.0,0.0,1.24
Bister,0.0,0.0,52.03,0.0,4.05,0.0,0.0,2.03,35.14,0.0,6.76,0.0,0.0,0.0,0.0,0.0
Bitsch,0.0,0.18,44.65,0.0,2.24,0.0,0.0,8.49,37.52,0.0,6.9,0.0,0.0,0.0,0.0,0.03
Bivio,14.55,0.0,11.36,0.0,18.64,11.82,0.0,19.09,24.55,0.0,0.0,0.0,0.0,0.0,0.0,0.0
Bière,2.51,0.0,1.82,0.33,27.71,3.39,0.0,19.84,31.41,0.62,6.41,0.0,0.0,0.08,2.46,3.44
Blatten,0.0,0.39,77.86,0.0,0.53,0.0,0.0,2.69,15.7,0.0,2.83,0.0,0.0,0.0,0.0,0.0
Blauen,2.59,0.0,24.46,0.06,12.29,2.37,0.0,15.7,31.29,0.0,10.8,0.0,0.0,0.0,0.0,0.44
Bleienbach,12.67,0.0,0.58,3.39,4.1,3.79,0.39,15.31,51.57,1.28,5.3,0.0,0.0,0.92,0.0,0.7
Blenio,0.0,0.0,18.75,0.0,26.13,0.29,0.09,16.52,11.56,0.0,2.2,22.7,0.0,0.0,0.0,1.76
Blitzingen,0.0,0.0,63.98,0.0,0.0,0.0,0.0,19.54,14.18,0.0,2.3,0.0,0.0,0.0,0.0,0.0
Blonay,2.37,0.0,4.94,0.9,31.52,5.53,0.0,18.89,21.01,0.36,10.68,0.0,0.0,0.12,1.19,2.49
Blumenstein,13.77,0.0,0.72,7.99,3.01,2.63,0.0,11.4,51.47,4.07,3.48,0.0,0.0,0.07,0.0,1.39
Bodio,0.0,0.0,38.49,0.0,14.41,0.05,0.0,19.62,8.4,0.0,0.9,16.43,0.0,0.0,0.0,1.7
Bofflens,1.66,0.0,0.33,0.08,18.69,2.33,0.0,19.02,41.28,0.0,11.38,0.0,0.0,0.0,1.08,4.15
Bogis-Bossey,1.73,0.0,9.81,1.17,29.64,7.57,0.0,10.22,25.86,1.67,8.17,0.0,0.0,0.06,1.89,2.21
Bolken,9.25,0.0,12.99,0.08,19.19,4.07,0.0,19.86,28.69,0.93,3.65,0.0,0.0,0.0,0.0,1.27
Bolligen,14.25,0.0,2.63,3.66,16.47,6.22,0.13,21.05,24.28,1.35,8.21,0.0,0.0,0.52,0.0,1.21
Boltigen,10.06,0.0,0.23,1.01,2.92,2.71,0.22,5.63,71.0,2.23,3.46,0.0,0.0,0.27,0.0,0.26
Bonaduz,10.42,0.0,22.74,0.0,11.98,9.51,0.0,16.7,28.56,0.0,0.0,0.0,0.0,0.0,0.0,0.09
Boncourt,0.0,9.69,44.97,0.0,11.33,0.0,0.55,22.76,8.32,0.0,2.29,0.0,0.0,0.0,0.0,0.09
Bonfol,0.0,2.7,31.42,0.0,18.92,0.0,2.36,15.37,21.45,0.0,6.42,0.0,0.0,0.0,0.0,1.35
Boningen,2.82,0.0,12.2,2.12,19.68,2.19,0.0,15.59,40.69,0.21,1.97,0.0,0.0,0.0,0.0,2.54
Boniswil,3.18,0.0,4.13,3.45,19.42,3.51,0.0,14.04,43.66,0.95,4.99,0.0,0.0,0.0,0.0,2.65
Bonstetten,3.8,0.0,3.38,3.14,16.47,11.86,0.11,20.4,29.1,1.75,6.66,0.0,0.0,0.17,0.0,3.15
Bonvillars,2.24,0.0,1.35,0.2,27.21,4.52,0.0,15.63,30.77,1.25,12.7,0.0,0.0,0.03,0.56,3.53
Boppelsen,2.21,0.0,2.98,6.76,16.73,7.89,0.01,14.0,40.21,3.74,4.59,0.0,0.0,0.01,0.0,0.88
Borex,2.55,0.0,4.6,0.5,35.69,4.96,0.0,16.12,23.04,0.02,8.73,0.0,0.0,0.02,1.37,2.41
Bosco/Gurin,0.0,0.0,42.65,0.0,3.92,2.45,3.92,9.8,0.0,0.0,0.49,14.22,0.0,0.0,0.0,22.55
Bossonnens,2.31,1.49,17.53,0.48,10.06,3.42,0.0,30.28,26.53,0.53,7.37,0.0,0.0,0.0,0.0,0.0
Boswil,3.86,0.0,14.92,1.77,8.17,1.89,0.0,9.72,53.33,0.17,4.19,0.0,0.0,0.0,0.0,1.99
Bottens,1.44,0.0,9.37,0.22,21.84,2.72,0.0,15.46,33.87,0.6,11.25,0.0,0.0,0.52,0.76,1.94
Bottenwil,7.13,0.0,2.91,9.15,12.64,2.38,0.0,11.59,45.22,3.2,3.66,0.0,0.0,0.0,0.0,2.13
Botterens,0.09,0.34,24.68,0.09,13.11,0.26,0.0,19.19,36.93,0.0,5.31,0.0,0.0,0.0,0.0,0.0
Bottighofen,3.03,0.0,13.95,1.38,25.44,10.44,0.0,14.49,24.64,1.21,5.44,0.0,0.0,0.0,0.0,0.0
Bottmingen,2.58,0.0,8.67,1.78,22.84,4.23,0.0,20.82,27.43,0.28,10.64,0.0,0.0,0.0,0.0,0.73
Boudry,1.6,0.0,3.47,0.0,29.88,3.6,6.92,24.24,19.42,0.0,8.86,0.0,0.0,0.0,0.0,2.0
Bougy-Villars,1.0,0.0,5.18,0.0,29.11,8.54,0.0,15.08,30.74,0.0,7.67,0.0,0.0,0.18,0.68,1.82
Boulens,0.65,0.0,0.76,2.99,23.64,9.08,0.0,16.47,27.01,0.43,14.62,0.0,0.0,0.0,1.9,2.45
Bourg-Saint-Pierre,0.0,2.36,22.16,0.0,53.18,0.0,0.0,7.24,14.48,0.0,0.59,0.0,0.0,0.0,0.0,0.0
Bourg-en-Lavaux,1.24,0.0,3.5,0.41,37.78,4.33,0.0,21.23,15.15,0.06,11.99,0.0,0.0,0.02,2.45,1.84
Bournens,3.08,0.0,1.13,1.24,25.71,5.81,0.0,17.65,36.32,0.0,7.52,0.0,0.0,0.06,0.3,1.18
Bourrignon,0.0,8.11,28.72,0.0,8.78,0.0,4.39,18.58,28.38,0.0,2.7,0.0,0.0,0.0,0.0,0.34
Boussens,3.3,0.0,4.21,0.34,22.06,2.68,0.0,16.67,34.47,0.78,11.24,0.0,0.0,0.21,1.46,2.58
Bovernier,0.0,0.81,35.7,0.0,20.88,0.0,0.0,30.5,9.84,0.0,2.05,0.0,0.0,0.0,0.0,0.21
Bowil,12.18,0.0,0.48,4.81,3.32,4.06,0.23,9.67,53.83,3.75,4.86,0.0,0.0,0.53,0.0,2.28
Boécourt,0.0,3.32,19.46,0.0,29.71,0.0,6.94,13.73,16.44,0.0,9.05,0.0,0.0,0.0,0.0,1.36
Braunau,5.15,0.0,9.82,5.03,6.43,6.06,0.0,6.79,54.03,1.76,4.31,0.0,0.0,0.0,0.0,0.61
Bregaglia,21.46,0.0,4.79,0.0,28.29,5.09,0.0,12.16,28.21,0.0,0.0,0.0,0.0,0.0,0.0,0.0
Breggia,0.0,0.0,23.95,0.0,25.0,0.59,0.25,16.88,6.96,0.0,4.11,20.16,0.0,0.0,0.0,2.09
Breil/Brigels,6.44,0.0,59.51,0.0,4.35,2.0,0.0,6.4,21.25,0.0,0.0,0.0,0.0,0.0,0.0,0.04
Breitenbach,1.96,0.0,10.51,1.04,37.53,2.92,0.0,10.39,30.71,0.47,3.7,0.0,0.0,0.0,0.0,0.79
Bremblens,0.94,0.0,2.67,0.33,31.87,5.21,0.0,14.52,29.08,0.0,9.64,0.0,0.0,0.0,2.21,3.53
Bremgarten (AG),5.66,0.0,10.74,2.0,13.36,5.66,0.0,20.47,34.38,0.54,5.32,0.0,0.0,0.0,0.0,1.87
Bremgarten bei Bern,10.99,0.0,2.9,1.87,15.78,9.81,0.31,24.97,19.56,0.72,11.33,0.0,0.0,0.28,0.0,1.48
Brenles,1.28,0.0,3.64,0.09,18.94,2.55,0.0,10.38,42.9,0.09,14.75,0.0,0.0,0.0,0.0,5.37
Brenzikofen,10.99,0.0,1.05,3.06,7.25,4.59,0.54,9.58,51.94,3.58,4.79,0.0,0.0,0.54,0.0,2.11
Bretigny-sur-Morrens,0.53,0.0,2.46,1.16,20.96,1.88,0.0,24.74,33.51,0.14,9.95,0.0,0.0,0.08,1.88,2.71
Bretonnières,8.18,0.0,1.19,1.25,20.17,1.69,0.0,19.61,27.92,2.37,13.93,0.0,0.0,0.0,2.37,1.31
Bretzwil,2.79,0.0,5.46,3.11,8.63,2.08,0.0,11.03,56.14,0.16,10.1,0.0,0.0,0.0,0.0,0.49
Brienz (BE),11.42,0.0,0.69,2.54,7.81,4.36,0.38,13.49,41.78,5.02,9.75,0.0,0.0,0.47,0.0,2.28
Brienzwiler,7.04,0.0,3.2,1.49,4.09,3.76,0.02,10.98,56.58,0.87,9.3,0.0,0.0,1.58,0.0,1.1
Brig-Glis,0.0,0.19,48.55,0.0,4.33,0.0,0.0,10.35,32.71,0.0,3.81,0.0,0.0,0.0,0.0,0.05
Brione (Verzasca),0.0,0.0,31.46,0.0,17.01,0.0,0.0,8.16,9.69,0.0,6.29,15.82,0.0,0.0,0.0,11.56
Brione sopra Minusio,0.0,0.0,24.34,0.0,26.28,1.06,0.29,13.2,17.38,0.0,3.95,11.67,0.0,0.0,0.0,1.83
Brislach,4.0,0.0,13.91,0.86,11.9,1.87,0.0,15.34,44.08,0.24,7.33,0.0,0.0,0.0,0.0,0.47
Brissago,0.0,0.0,12.15,0.0,27.8,0.76,0.55,19.28,18.67,0.0,2.53,16.79,0.0,0.0,0.0,1.47
Brittnau,6.05,0.0,3.03,7.16,9.04,5.45,0.0,15.77,45.0,1.67,4.7,0.0,0.0,0.0,0.0,2.14
Broc,0.63,0.72,24.2,0.72,20.81,1.93,0.0,24.94,22.45,0.2,3.39,0.0,0.0,0.0,0.0,0.0
Brot-Dessous,5.71,0.0,6.43,0.0,5.71,5.0,9.29,18.57,33.57,0.0,12.14,0.0,0.0,0.0,0.0,3.57
Brot-Plamboz,0.0,0.0,4.73,0.0,26.63,0.39,5.92,13.41,40.43,0.0,5.33,0.0,0.0,0.0,0.0,3.16
Brugg,4.3,0.0,7.49,4.21,19.14,5.16,0.0,20.24,25.91,1.35,9.57,0.0,0.0,0.0,0.0,2.63
Brunegg,6.13,0.0,2.85,4.5,14.36,2.85,0.0,12.08,47.55,3.48,3.39,0.0,0.0,0.0,0.0,2.82
Brusino Arsizio,0.0,0.0,23.36,0.0,20.59,0.46,0.98,18.28,8.77,0.0,3.81,21.22,0.0,0.0,0.0,2.54
Brusio,4.82,0.0,16.84,0.0,6.49,1.99,0.0,14.27,55.59,0.0,0.0,0.0,0.0,0.0,0.0,0.0
Brügg,11.89,0.0,1.74,3.76,8.99,6.71,0.44,23.16,32.18,0.69,7.88,0.0,0.0,0.93,0.0,1.63
Brünisried,1.81,1.39,23.25,0.06,5.13,1.21,0.0,11.23,51.69,0.85,3.38,0.0,0.0,0.0,0.0,0.0
Brüttelen,13.17,0.0,0.66,1.51,6.06,6.49,0.19,11.89,53.51,0.72,5.13,0.0,0.0,0.04,0.0,0.62
Brütten,4.1,0.0,2.72,3.4,20.57,9.39,0.01,13.02,37.63,2.84,3.92,0.0,0.0,0.12,0.0,2.27
Bubendorf,3.42,0.0,4.29,4.53,12.71,2.25,0.0,21.92,33.02,0.97,16.37,0.0,0.0,0.0,0.0,0.52
Bubikon,4.54,0.0,4.64,4.12,10.82,8.67,0.1,15.26,36.12,7.03,6.01,0.0,0.0,0.11,0.0,2.59
Buch (SH),0.0,0.0,0.0,0.0,4.86,0.0,0.0,20.65,65.18,4.45,1.21,0.0,0.0,0.0,0.0,3.64
Buch am Irchel,7.41,0.0,2.0,1.51,12.91,9.52,0.0,7.54,51.42,4.56,2.28,0.0,0.0,0.06,0.0,0.79
Buchberg,0.0,0.0,0.0,0.0,16.51,0.0,0.0,25.17,53.23,3.46,1.15,0.0,0.0,0.0,0.0,0.46
Buchegg,6.71,0.0,6.12,0.92,29.7,3.66,0.0,18.56,27.79,0.66,5.13,0.0,0.0,0.0,0.0,0.74
Buchholterberg,9.09,0.0,0.52,5.01,4.24,3.29,0.0,6.44,59.74,7.32,1.98,0.0,0.0,0.79,0.0,1.59
Buchillon,0.51,0.0,3.43,1.81,39.99,5.08,0.0,13.75,20.26,0.65,8.27,0.0,0.0,0.0,2.13,4.11
Buchrain,2.53,0.0,19.44,0.92,22.29,7.65,0.0,13.62,27.77,0.0,4.87,0.0,0.0,0.19,0.0,0.72
Buchs (AG),3.9,0.0,7.11,5.66,15.2,4.99,0.0,18.34,36.52,0.98,5.75,0.0,0.0,0.0,0.0,1.56
Buchs (SG),5.04,0.0,9.43,4.06,15.83,4.12,0.0,18.75,33.84,2.16,4.5,0.0,0.0,0.23,0.0,2.04
Buchs (ZH),4.05,0.0,3.44,2.39,13.56,6.36,0.01,13.07,47.41,2.89,4.21,0.0,0.0,0.22,0.0,2.38
Buckten,2.16,0.0,2.27,3.75,13.18,1.59,0.0,19.26,33.24,1.08,23.24,0.0,0.0,0.0,0.0,0.23
Bulle,0.77,0.89,19.23,0.4,21.15,2.55,0.0,26.75,22.52,0.56,5.16,0.0,0.0,0.0,0.0,0.0
Bullet,1.08,0.0,1.31,1.11,23.42,2.7,0.0,16.68,39.0,2.13,8.15,0.0,0.0,0.59,1.18,2.65
Buochs,0.0,0.0,0.0,0.0,0.0,0.0,0.0,0.0,83.82,0.0,0.0,0.0,0.0,0.0,0.0,16.18
Bure,0.0,1.48,49.4,0.0,32.75,0.0,0.67,8.86,5.5,0.0,1.21,0.0,0.0,0.0,0.0,0.13
Burg (AG),1.35,0.0,2.38,1.19,19.2,3.41,0.0,12.64,48.67,2.67,4.44,0.0,0.0,0.0,0.0,4.05
Burg im Leimental,4.46,0.0,15.38,0.0,3.69,4.0,0.0,27.23,34.77,0.0,10.46,0.0,0.0,0.0,0.0,0.0
Burgdorf,12.79,0.0,1.76,6.14,9.34,7.39,0.54,24.8,22.01,3.03,9.82,0.0,0.0,0.41,0.0,1.96
Burgistein,12.16,0.0,1.44,4.46,3.69,3.16,0.03,15.76,47.03,3.38,6.06,0.0,0.0,0.79,0.0,2.03
Bursinel,0.29,0.0,7.11,0.83,32.45,5.93,0.0,11.96,35.39,0.1,4.85,0.0,0.0,0.0,0.05,1.03
Bursins,0.96,0.0,4.58,0.76,23.01,2.3,0.0,19.27,34.2,0.28,10.94,0.0,0.0,0.0,1.52,2.18
Burtigny,0.22,0.0,0.6,8.69,20.8,4.51,0.0,8.64,39.98,3.75,7.93,0.0,0.0,0.0,1.2,3.69
Buseno,1.56,0.0,52.73,0.0,1.56,0.0,0.0,9.38,34.77,0.0,0.0,0.0,0.0,0.0,0.0,0.0
Bussigny,1.26,0.0,3.28,1.6,25.45,4.09,0.0,26.3,22.69,1.11,9.67,0.0,0.0,0.1,2.29,2.17
Bussnang,6.39,0.0,11.87,1.44,6.22,3.46,0.0,9.22,50.9,5.22,4.74,0.0,0.0,0.0,0.0,0.54
Busswil bei Melchnau,17.95,0.0,0.56,4.17,5.81,2.72,0.0,6.94,53.09,4.26,3.37,0.0,0.0,0.23,0.0,0.89
Bussy (FR),3.15,0.58,26.46,0.0,23.43,1.52,0.0,17.13,21.68,0.0,6.06,0.0,0.0,0.0,0.0,0.0
Bussy-Chardonney,0.67,0.0,5.16,0.09,44.59,3.59,0.0,18.98,16.6,1.17,7.04,0.0,0.0,0.18,0.49,1.44
Bussy-sur-Moudon,5.3,0.0,2.65,0.0,25.66,0.28,0.0,18.09,24.53,0.0,12.69,0.0,0.0,0.0,3.31,7.48
Buttisholz,1.47,0.0,37.32,0.67,12.99,5.0,0.0,6.67,32.53,0.0,3.02,0.0,0.0,0.02,0.0,0.32
Buttwil,4.92,0.0,12.51,1.7,11.31,6.45,0.0,11.38,43.26,0.77,6.39,0.0,0.0,0.0,0.0,1.32
Buus,1.37,0.0,3.51,0.69,7.26,2.22,0.0,13.24,52.82,0.44,18.32,0.0,0.0,0.0,0.0,0.12
Bäretswil,4.63,0.0,2.67,8.59,12.24,5.24,0.19,10.25,43.27,5.17,5.05,0.0,0.0,0.07,0.0,2.63
Bäriswil,17.52,0.0,2.65,2.4,5.34,9.35,0.01,14.98,36.79,2.58,6.34,0.0,0.0,0.22,0.0,1.81
Bärschwil,1.88,0.0,23.78,1.88,18.43,1.58,0.0,7.89,38.03,0.76,5.7,0.0,0.0,0.0,0.0,0.05
Bätterkinden,16.65,0.0,1.58,3.43,7.28,6.06,0.53,23.09,30.28,1.04,7.91,0.0,0.0,0.26,0.0,1.88
Bättwil,3.15,0.0,16.53,2.1,17.93,3.59,0.0,17.84,30.0,0.57,6.3,0.0,0.0,0.0,0.0,2.01
Böbikon,4.27,0.0,7.79,0.08,7.3,4.76,0.0,5.25,64.64,0.16,5.5,0.0,0.0,0.0,0.0,0.25
Böckten,2.97,0.0,4.32,3.33,14.64,1.67,0.0,17.34,35.77,0.41,18.74,0.0,0.0,0.0,0.0,0.81
Bönigen,14.37,0.0,0.86,2.73,6.13,3.25,0.33,19.08,40.7,1.88,8.71,0.0,0.0,0.85,0.0,1.11
Bösingen,2.41,1.46,23.51,1.52,11.16,4.18,0.0,19.76,29.93,2.14,3.94,0.0,0.0,0.0,0.0,0.0
Böttstein,3.81,0.0,12.56,1.37,13.29,2.63,0.0,8.98,53.04,0.86,2.63,0.0,0.0,0.0,0.0,0.81
Bözberg,5.93,0.0,5.91,2.85,12.97,4.56,0.0,13.75,45.03,0.86,4.68,0.0,0.0,0.0,0.0,3.48
Bözen,6.84,0.0,5.77,1.99,9.78,3.27,0.0,13.15,51.05,2.4,3.35,0.0,0.0,0.0,0.0,2.4
Büetigen,12.38,0.0,1.7,1.75,8.16,5.33,0.21,15.93,43.74,3.55,4.26,0.0,0.0,0.45,0.0,2.54
Bühl,21.42,0.0,1.01,2.13,7.54,8.06,0.0,7.64,46.06,0.35,4.37,0.0,0.0,0.12,0.0,1.31
Bühler,0.0,0.0,0.0,0.0,33.84,0.0,0.0,22.84,41.81,0.0,0.0,0.0,0.0,0.0,0.0,1.51
Bülach,3.77,0.0,3.18,5.74,13.17,6.7,0.06,19.69,35.5,4.13,5.63,0.0,0.0,0.16,0.0,2.29
Bünzen,5.29,0.0,11.68,0.61,6.88,2.88,0.0,10.54,50.16,0.94,9.83,0.0,0.0,0.0,0.0,1.19
Bürchen,0.0,0.69,63.29,0.0,3.96,0.0,0.0,10.27,20.77,0.0,1.02,0.0,0.0,0.0,0.0,0.0
Büren (SO),2.26,0.0,16.22,1.31,16.22,3.31,0.0,19.84,33.85,0.3,5.93,0.0,0.0,0.0,0.0,0.75
Büren an der Aare,15.45,0.0,1.68,4.48,10.12,6.32,0.35,16.56,36.11,1.63,4.59,0.0,0.0,1.02,0.0,1.7
Bürglen (TG),4.34,0.0,12.68,2.49,9.96,5.43,0.0,7.98,46.44,4.92,5.38,0.0,0.0,0.0,0.0,0.38
Bürglen (UR),0.0,0.0,23.91,0.0,0.0,0.0,0.0,0.0,50.06,0.0,23.86,0.0,0.0,0.0,0.0,2.17
Büron,0.85,0.0,18.88,0.54,26.73,4.42,0.0,8.66,34.68,0.0,4.55,0.0,0.0,0.02,0.0,0.68
Büsserach,1.53,0.0,16.66,0.38,25.53,2.32,0.0,9.8,39.06,0.38,3.63,0.0,0.0,0.0,0.0,0.69
Bütschwil-Ganterschwil,3.06,0.0,23.62,1.16,12.11,2.44,0.0,7.41,42.63,2.56,3.45,0.0,0.0,0.1,0.0,1.44
Büttenhardt,0.0,0.0,0.0,0.0,10.0,0.0,0.0,22.65,54.12,5.88,4.41,0.0,0.0,0.0,0.0,2.94
Büttikon,4.99,0.0,8.1,1.6,15.7,4.6,0.0,5.9,54.44,0.82,1.97,0.0,0.0,0.0,0.0,1.87
Cademario,0.0,0.0,12.09,0.0,27.25,0.28,0.0,17.08,13.79,0.0,2.4,25.18,0.0,0.0,0.0,1.93
Cadempino,0.0,0.0,25.21,0.0,22.48,0.21,0.03,9.07,12.97,0.0,2.63,26.79,0.0,0.0,0.0,0.62
Cadenazzo,0.0,0.0,17.31,0.0,31.24,0.33,0.17,12.09,8.61,0.0,2.83,25.61,0.0,0.0,0.0,1.8
Calanca,17.88,0.0,17.15,0.0,4.74,1.82,0.0,36.86,21.53,0.0,0.0,0.0,0.0,0.0,0.0,0.0
Cama,3.14,0.0,29.67,0.0,15.52,2.36,0.0,11.59,37.52,0.0,0.0,0.0,0.0,0.0,0.0,0.2
Camorino,0.0,0.0,20.11,0.0,28.07,0.55,0.67,19.96,7.71,0.0,3.2,17.61,0.0,0.0,0.0,2.11
Campo (Vallemaggia),0.0,0.0,28.31,0.0,11.45,9.64,0.0,15.06,16.87,0.0,0.0,7.23,0.0,0.0,0.0,11.45
Canobbio,0.0,0.0,28.81,0.0,16.39,0.57,0.21,14.4,13.56,0.0,1.92,22.31,0.0,0.0,0.0,1.83
Capriasca,0.0,0.0,19.52,0.0,17.56,0.75,0.92,19.9,8.38,0.0,4.67,24.34,0.0,0.0,0.0,3.97
Carouge (GE),0.57,0.0,11.02,0.43,18.67,1.95,0.0,22.17,14.91,0.23,11.97,0.0,8.57,0.0,9.1,0.42
Carrouge (VD),2.27,0.0,4.52,0.08,28.0,4.14,0.0,20.3,19.36,0.47,11.98,0.0,0.0,0.15,4.65,4.07
Cartigny,0.86,0.0,11.82,1.33,28.61,2.04,0.0,14.36,16.58,0.0,15.61,0.0,3.29,0.0,5.51,0.0
Caslano,0.0,0.0,19.57,0.0,20.47,1.42,0.09,16.92,14.34,0.0,3.31,22.07,0.0,0.0,0.0,1.81
Castaneda,3.22,0.0,35.67,0.0,4.68,1.46,0.0,17.84,37.13,0.0,0.0,0.0,0.0,0.0,0.0,0.0
Castel San Pietro,0.0,0.0,26.71,0.0,16.52,0.46,0.92,13.52,9.5,0.0,4.43,26.17,0.0,0.0,0.0,1.79
Casti-Wergenstein,13.33,0.0,7.5,0.0,21.67,10.0,0.0,10.83,36.67,0.0,0.0,0.0,0.0,0.0,0.0,0.0
Cazis,17.99,0.0,18.24,0.0,8.3,6.36,0.0,14.38,34.52,0.0,0.0,0.0,0.0,0.0,0.0,0.22
Celerina/Schlarigna,18.54,0.0,5.41,0.0,28.73,9.18,0.0,12.06,26.08,0.0,0.0,0.0,0.0,0.0,0.0,0.0
Centovalli,0.0,0.0,15.8,0.0,22.1,1.63,0.29,17.68,10.01,0.0,3.51,24.87,0.0,0.0,0.0,4.11
Cerentino,0.0,0.0,7.59,0.0,29.66,0.0,0.0,23.45,4.83,0.0,1.38,11.72,0.0,0.0,0.0,21.38
Cevio,0.0,0.0,32.03,0.0,20.61,0.57,1.23,11.51,8.73,0.0,3.75,15.08,0.0,0.0,0.0,6.5
Chalais,0.0,2.73,23.05,0.0,25.16,0.0,0.0,19.91,21.31,0.0,7.39,0.0,0.0,0.0,0.0,0.45
Cham,0.0,0.0,26.4,0.0,15.76,3.92,0.0,14.81,31.4,0.0,6.69,0.0,0.0,0.0,0.0,1.03
Chamblon,3.57,0.0,3.29,0.09,36.54,3.29,0.0,21.04,19.49,0.79,7.62,0.0,0.0,0.03,2.69,1.55
Chamoson,0.0,1.3,31.72,0.0,27.06,0.0,0.0,11.59,22.51,0.0,5.45,0.0,0.0,0.0,0.0,0.36
Champagne,2.91,0.0,2.0,2.86,24.06,7.31,0.0,15.57,30.65,0.51,9.82,0.0,0.0,0.29,0.22,3.81
Champoz,4.18,0.0,1.26,6.61,4.0,0.0,0.0,5.35,63.82,9.8,1.57,0.0,0.0,0.99,0.0,2.43
Champtauroz,2.27,0.0,3.11,6.94,19.26,0.96,0.0,30.38,30.02,0.0,3.83,0.0,0.0,0.0,1.08,2.15
Champvent,2.57,0.0,1.46,1.46,18.31,3.48,0.0,14.72,42.35,0.88,10.25,0.0,0.0,0.0,1.66,2.86
Champéry,0.0,0.9,30.76,0.0,35.23,0.0,0.0,7.24,21.71,0.0,3.91,0.0,0.0,0.0,0.0,0.24
Chancy,0.77,0.0,10.09,0.97,16.81,4.16,0.0,14.39,20.11,0.0,13.85,0.0,12.28,0.0,5.87,0.71
Chapelle (Glâne),0.5,1.16,23.59,0.5,11.3,0.33,0.0,19.44,34.55,2.66,5.98,0.0,0.0,0.0,0.0,0.0
Chardonne,1.87,0.0,4.17,0.77,33.54,4.8,0.0,20.61,18.2,0.48,11.6,0.0,0.0,0.23,1.49,2.24
Charrat,0.0,1.38,23.76,0.0,41.15,0.0,0.0,10.51,17.08,0.0,4.5,0.0,0.0,0.0,0.0,1.63
Chavannes-de-Bogis,3.1,0.0,10.6,0.0,26.96,4.6,0.0,11.96,34.86,0.02,4.6,0.0,0.0,0.0,1.43,1.87
Chavannes-des-Bois,3.3,0.0,7.29,0.0,32.26,7.39,0.0,14.12,24.2,0.0,9.59,0.0,0.0,0.03,0.16,1.65
Chavannes-le-Chêne,1.12,0.0,0.84,0.14,29.44,0.7,0.0,9.79,43.78,0.0,8.95,0.0,0.0,0.0,1.33,3.92
Chavannes-le-Veyron,3.18,0.0,0.35,2.35,17.18,2.71,0.0,21.76,34.94,0.0,15.18,0.0,0.0,0.0,2.24,0.12
Chavannes-près-Renens,0.74,0.0,3.57,1.07,16.47,3.03,0.0,34.83,21.95,0.49,10.93,0.0,0.0,0.14,3.81,2.98
Chavannes-sur-Moudon,1.67,0.0,0.47,0.0,30.11,1.27,0.0,10.26,44.3,1.4,9.13,0.0,0.0,1.2,0.0,0.2
Chavornay,1.52,0.0,2.72,2.05,25.94,2.87,0.0,20.09,28.18,1.72,9.31,0.0,0.0,0.02,2.13,3.46
Cheiry,1.41,0.12,20.33,0.0,16.22,2.94,0.0,15.63,37.02,2.94,3.41,0.0,0.0,0.0,0.0,0.0
Chermignon,0.0,1.12,37.75,0.0,20.76,0.0,0.0,11.87,21.74,0.0,6.32,0.0,0.0,0.0,0.0,0.44
Chesalles-sur-Moudon,5.01,0.0,2.1,0.0,15.53,6.21,0.0,24.25,25.45,0.0,9.92,0.0,0.0,0.0,3.11,8.42
Cheseaux-Noréaz,1.74,0.0,4.77,0.47,35.75,5.3,0.0,17.17,21.4,1.19,9.37,0.0,0.0,0.0,0.7,2.14
Cheseaux-sur-Lausanne,2.15,0.0,5.18,1.59,23.47,3.14,0.0,26.25,22.42,0.14,11.36,0.0,0.0,0.05,2.05,2.2
Chessel,3.6,0.0,3.1,0.23,24.5,1.91,0.0,12.02,31.28,0.27,18.44,0.0,0.0,0.0,1.5,3.14
Chevilly,1.77,0.0,2.11,1.57,35.49,4.7,0.0,14.71,22.75,0.07,13.62,0.0,0.0,0.27,0.48,2.45
Chevroux,3.22,0.0,3.14,0.48,25.27,2.96,0.0,20.66,34.33,0.95,4.9,0.0,0.0,0.04,0.37,3.69
Chexbres,2.03,0.0,2.51,0.71,33.09,4.11,0.0,22.86,18.87,0.13,12.17,0.0,0.0,0.07,1.86,1.59
Cheyres,4.3,0.83,14.74,1.4,12.81,1.07,0.0,29.32,27.79,2.03,5.7,0.0,0.0,0.0,0.0,0.0
Chiasso,0.0,0.0,14.01,0.0,22.87,0.52,0.32,16.32,7.82,0.0,3.84,32.21,0.0,0.0,0.0,2.09
Chigny,0.36,0.0,2.25,0.36,42.49,10.06,0.0,18.4,14.67,0.47,6.8,0.0,0.0,0.0,2.25,1.89
Chippis,0.0,1.6,26.0,0.0,18.97,0.0,0.0,27.25,20.86,0.0,5.03,0.0,0.0,0.0,0.0,0.29
Choulex,0.77,0.0,10.68,1.06,30.84,2.99,0.0,12.85,20.65,0.21,12.18,0.0,3.07,0.0,3.9,0.8
Chur,11.97,0.0,13.74,0.0,12.06,9.71,0.0,25.96,26.43,0.0,0.0,0.0,0.0,0.0,0.0,0.13
Churwalden,14.49,0.0,10.01,0.0,16.93,9.78,0.0,18.36,30.43,0.0,0.0,0.0,0.0,0.0,0.0,0.0
Châbles,2.3,0.59,21.73,0.53,14.02,2.47,0.0,23.5,27.74,2.06,5.06,0.0,0.0,0.0,0.0,0.0
Château-d'Oex,2.09,0.0,2.15,2.38,38.77,2.58,0.0,13.34,30.92,0.42,5.69,0.0,0.0,0.04,0.57,1.05
Châtel-Saint-Denis,0.74,0.64,21.52,0.71,12.61,1.7,0.0,23.58,34.72,0.3,3.5,0.0,0.0,0.0,0.0,0.0
Châtel-sur-Montsalvens,4.14,0.0,13.13,0.0,18.17,0.36,0.0,22.12,36.69,0.0,5.4,0.0,0.0,0.0,0.0,0.0
Châtillon (FR),4.15,2.03,30.65,0.44,13.69,2.65,0.0,17.58,21.2,2.47,5.12,0.0,0.0,0.0,0.0,0.0
Châtillon (JU),0.0,6.49,26.23,0.0,12.21,0.0,7.79,22.08,18.44,0.0,5.71,0.0,0.0,0.0,0.0,1.04
Châtonnaye,2.09,0.79,16.98,1.64,19.63,0.73,0.0,21.21,31.92,1.75,3.27,0.0,0.0,0.0,0.0,0.0
Chénens,0.86,3.03,19.05,0.16,17.19,3.42,0.0,22.94,27.53,0.23,5.6,0.0,0.0,0.0,0.0,0.0
Chéserex,1.88,0.0,3.62,0.17,34.53,6.68,0.0,12.31,29.26,0.45,8.08,0.0,0.0,0.05,0.7,2.26
Chésopelloz,0.31,2.78,26.23,2.16,17.59,3.7,0.0,16.67,25.0,0.0,5.56,0.0,0.0,0.0,0.0,0.0
Chêne-Bougeries,1.49,0.0,10.81,0.2,34.54,2.97,0.0,13.9,17.63,0.27,9.61,0.0,4.56,0.0,3.75,0.26
Chêne-Bourg,1.29,0.0,12.43,0.73,19.14,2.05,0.0,19.41,15.79,0.08,13.8,0.0,9.48,0.0,5.52,0.27
Chêne-Pâquier,2.92,0.0,1.05,0.23,25.93,0.7,0.0,14.6,28.86,0.0,10.98,0.0,0.0,0.0,0.82,13.9
Clarmont,2.86,0.0,0.72,0.0,23.51,4.65,0.0,30.43,25.89,0.0,10.14,0.0,0.0,0.0,0.72,1.07
Claro,0.0,0.0,21.19,0.0,21.89,0.74,0.87,15.66,12.35,0.0,3.23,21.1,0.0,0.0,0.0,2.98
Clavaleyres,0.0,0.0,0.0,0.0,0.0,0.0,0.0,0.0,0.0,0.0,0.0,0.0,0.0,0.0,0.0,0.0
Clos du Doubs,0.0,3.04,44.45,0.0,9.78,0.0,1.56,18.65,12.74,0.0,8.87,0.0,0.0,0.0,0.0,0.9
Coeuve,0.0,7.22,36.53,0.0,16.11,0.0,2.22,24.72,8.19,0.0,5.0,0.0,0.0,0.0,0.0,0.0
Coinsins,7.04,0.0,5.53,0.13,26.42,4.6,0.0,19.91,23.54,0.0,6.11,0.0,0.0,0.0,2.43,4.29
Coldrerio,0.0,0.0,14.46,0.0,28.94,0.5,1.05,14.01,9.2,0.0,3.14,27.53,0.0,0.0,0.0,1.19
Collex-Bossy,1.21,0.0,15.67,0.9,26.58,2.76,0.0,13.89,19.79,0.15,9.12,0.0,6.21,0.0,2.89,0.84
Collina d'Oro,0.0,0.0,14.8,0.0,33.61,1.49,0.17,11.41,13.36,0.0,3.06,20.6,0.0,0.0,0.0,1.51
Collombey-Muraz,0.0,2.22,38.46,0.0,17.33,0.0,0.0,16.46,20.81,0.0,4.53,0.0,0.0,0.0,0.0,0.2
Collonge-Bellerive,1.77,0.0,14.39,0.37,41.1,2.28,0.0,8.3,18.51,0.15,7.07,0.0,3.77,0.0,2.22,0.06
Collonges,0.0,1.19,26.33,0.0,38.62,0.0,0.0,11.32,18.53,0.0,3.95,0.0,0.0,0.0,0.0,0.05
Cologny,0.75,0.0,12.18,0.51,45.51,1.99,0.0,8.87,18.42,0.23,5.38,0.0,3.72,0.0,2.18,0.26
Comano,0.0,0.0,14.5,0.0,27.05,0.63,0.15,21.1,13.02,0.0,3.96,17.48,0.0,0.0,0.0,2.12
Commugny,2.8,0.0,7.34,0.88,35.78,5.22,0.0,11.58,25.33,0.0,8.35,0.0,0.0,0.01,1.08,1.63
Concise,2.82,0.0,2.58,1.1,24.31,5.16,0.0,16.87,27.57,1.8,11.04,0.0,0.0,0.14,2.12,4.48
Confignon,0.82,0.0,15.27,1.0,21.22,2.95,0.0,18.51,15.25,0.13,13.14,0.0,6.12,0.0,4.65,0.94
Conters im Prättigau,18.0,0.0,1.67,0.0,4.33,8.33,0.0,13.67,54.0,0.0,0.0,0.0,0.0,0.0,0.0,0.0
Conthey,0.0,1.51,29.41,0.0,30.6,0.0,0.0,13.83,18.96,0.0,5.23,0.0,0.0,0.0,0.0,0.46
Coppet,1.76,0.0,7.18,0.94,38.03,4.59,0.0,12.8,23.88,0.17,7.82,0.0,0.0,0.15,0.79,1.89
Corban,0.0,8.33,27.94,0.0,2.45,0.0,2.21,33.33,19.85,0.0,4.41,0.0,0.0,0.0,0.0,1.47
Corbeyrier,0.65,0.0,1.81,0.91,17.14,1.41,0.0,18.63,36.9,0.25,15.15,0.0,0.0,0.0,2.25,4.89
Corbières,1.08,1.74,22.51,1.57,15.73,1.52,0.0,18.06,33.84,0.11,3.85,0.0,0.0,0.0,0.0,0.0
Corcelles (BE),1.46,0.0,0.61,9.54,4.5,1.52,0.0,8.51,49.85,20.61,1.76,0.0,0.0,0.0,0.0,1.64
Corcelles-Cormondrèche,0.85,0.0,3.47,0.0,32.1,4.85,6.14,25.86,16.73,0.0,8.73,0.0,0.0,0.0,0.0,1.27
Corcelles-le-Jorat,1.38,0.0,1.18,0.15,48.48,2.71,0.0,11.1,21.89,0.56,7.36,0.0,0.0,0.09,2.09,3.0
Corcelles-près-Concise,1.32,0.0,5.6,1.12,25.83,3.22,0.0,21.78,22.9,1.95,6.63,0.0,0.0,0.0,1.95,7.7
Corcelles-près-Payerne,1.56,0.0,2.1,0.67,35.98,1.27,0.0,18.56,31.56,0.66,4.95,0.0,0.0,0.0,0.77,1.92
Corcelles-sur-Chavornay,2.56,0.0,1.99,0.93,24.8,3.93,0.0,23.39,20.47,0.09,14.19,0.0,0.0,0.0,4.73,2.92
Corgémont,4.75,0.0,0.77,3.33,8.06,1.84,1.35,19.34,45.46,2.42,11.01,0.0,0.0,0.67,0.0,1.0
Corippo,0.0,0.0,45.83,0.0,16.67,0.0,0.0,16.67,4.17,0.0,0.0,16.67,0.0,0.0,0.0,0.0
Corminboeuf,0.92,2.61,25.99,0.15,14.52,2.99,0.0,27.62,18.71,0.15,6.35,0.0,0.0,0.0,0.0,0.0
Cormoret,16.35,0.0,0.84,3.86,4.49,0.29,1.39,20.29,34.49,1.1,16.75,0.0,0.0,0.0,0.0,0.16
Cornaux,0.8,0.0,4.36,0.0,30.48,1.55,4.76,20.49,30.25,0.0,5.4,0.0,0.0,0.0,0.0,1.89
Cornol,0.0,19.48,32.51,0.0,21.31,0.0,1.29,9.26,8.61,0.0,5.81,0.0,0.0,0.0,0.0,1.72
Corpataux-Magnedens,0.89,3.9,19.02,0.48,16.72,1.19,0.0,29.35,22.18,0.93,5.35,0.0,0.0,0.0,0.0,0.0
Corseaux,1.43,0.0,3.91,0.63,42.43,4.58,0.0,17.22,16.94,1.15,8.48,0.0,0.0,0.13,1.51,1.59
